[app/ui]
version = 7.3.1.1
modtime = 1570271979.866644600

[app/launcher]
version = 7.3.1.1
modtime = 1570271979.887542700

[views/export]
owner = admin
version = 7.3.1.1
modtime = 1570288182.241949700
